# LSR ANF raster plot
5 0 50     52.040
11 2 112     58.880
12 7 127     15.840
18 3 183     58.580
18 5 185    135.020
19 6 196     69.520
20 2 202    148.480
20 7 207    138.080
20 9 209     97.500
21 0 210     20.020
21 0 210    157.480
21 2 212     77.460
21 4 214     15.480
22 0 220    120.460
22 3 223    126.360
23 4 234    106.260
24 0 240     98.180
24 2 242     13.760
24 5 245    135.220
24 7 247    110.340
24 7 247    117.380
24 8 248     84.800
25 0 250    155.340
25 1 251    138.680
25 2 252    127.820
25 4 254    136.140
25 5 255     78.740
25 7 257     76.700
25 7 257    145.740
25 8 258     18.760
25 8 258    147.400
26 1 261     37.560
26 1 261    139.660
26 2 262    149.180
26 3 263     67.120
26 3 263    116.160
26 5 265     75.660
26 5 265    146.760
26 8 268     27.780
26 9 269     27.660
26 9 269    157.680
27 0 270    149.220
27 1 271    147.680
27 1 271    157.540
27 2 272     97.620
27 2 272    117.140
27 4 274     80.160
27 5 275    108.100
27 7 277     16.580
27 8 278     40.680
27 8 278     77.680
27 9 279     35.220
27 9 279     67.180
27 9 279    107.140
27 9 279    130.300
28 1 281    128.640
28 1 281    146.120
28 2 282     86.920
28 2 282     95.120
28 3 283    158.600
28 4 284     65.560
28 5 285     21.200
28 5 285    106.020
28 6 286    128.220
28 7 287     26.120
28 7 287     39.140
28 7 287     70.660
28 7 287     99.620
28 7 287    106.580
28 7 287    136.540
28 8 288     36.120
28 8 288     78.120
28 9 289    106.680
29 0 290     42.860
29 0 290     76.480
29 0 290    117.540
29 1 291     21.020
29 1 291     85.580
29 1 291    150.100
29 2 292     17.640
29 2 292     38.020
29 2 292    128.460
29 3 293    136.940
29 3 293    149.560
29 4 294     24.100
29 4 294     51.580
29 4 294     72.160
29 5 295     68.600
29 5 295    142.800
29 6 296     38.960
29 6 296     68.020
29 6 296    149.600
29 7 297     39.480
29 7 297     76.100
29 7 297    137.120
29 8 298     41.200
29 8 298    105.520
29 9 299     77.000
29 9 299    138.620
29 9 299    150.000
30 0 300     14.500
30 1 301     78.880
30 1 301    138.980
30 2 302     37.900
30 2 302    147.940
30 3 303     90.600
30 3 303    148.520
30 4 304     49.420
30 4 304     67.420
30 4 304     79.900
30 4 304    125.540
30 4 304    158.940
30 5 305     82.060
30 6 306     38.960
30 6 306     59.880
30 6 306     64.460
30 6 306     67.420
30 6 306     98.420
30 7 307     40.880
30 8 308     64.880
30 8 308    137.480
30 9 309    110.480
30 9 309    148.560
31 0 310     18.820
31 0 310     55.460
31 0 310     76.420
31 0 310    105.340
31 0 310    150.440
31 1 311     28.900
31 1 311    130.420
31 2 312     49.020
31 2 312     56.420
31 2 312     87.440
31 2 312     90.900
31 2 312    149.940
31 2 312    156.040
31 3 313     15.960
31 3 313     20.080
31 3 313     25.420
31 3 313     46.400
31 3 313     74.860
31 3 313    139.400
31 4 314     19.460
31 4 314     37.460
31 4 314    128.360
31 5 315     16.260
31 5 315     32.580
31 5 315     51.900
31 5 315     64.980
31 5 315     80.400
31 5 315     84.940
31 5 315    111.460
31 5 315    134.800
31 6 316     91.580
31 6 316    120.440
31 6 316    128.840
31 6 316    140.380
31 6 316    147.900
31 7 317     20.500
31 7 317     66.820
31 7 317     98.480
31 7 317    118.400
31 7 317    134.920
31 7 317    156.840
31 8 318     47.960
31 8 318     68.880
31 8 318    104.880
31 8 318    121.480
31 8 318    127.560
31 9 319     86.980
31 9 319    117.000
31 9 319    128.940
31 9 319    138.480
32 0 320     76.220
32 0 320     91.900
32 0 320    119.860
32 0 320    148.280
32 0 320    155.920
32 1 321     16.200
32 1 321     66.280
32 1 321     78.800
32 1 321    115.880
32 1 321    127.760
32 2 322     37.280
32 2 322     58.400
32 2 322     81.260
32 2 322     88.240
32 2 322    101.900
32 2 322    118.200
32 2 322    131.900
32 2 322    134.720
32 2 322    159.960
32 3 323     22.380
32 3 323     39.420
32 3 323     51.280
32 3 323     66.840
32 3 323    109.320
32 4 324     15.860
32 4 324     19.940
32 4 324     58.820
32 4 324     87.360
32 4 324    157.740
32 5 325     26.300
32 5 325     35.920
32 5 325     42.820
32 5 325     69.780
32 5 325    154.880
32 6 326     25.760
32 6 326     40.860
32 6 326     67.280
32 6 326     76.920
32 6 326    130.760
32 6 326    160.320
32 7 327     35.800
32 7 327     47.820
32 7 327     60.440
32 7 327    101.820
32 7 327    151.420
32 8 328     16.320
32 8 328     75.240
32 8 328     81.800
32 8 328    137.820
32 9 329     15.780
32 9 329     41.860
32 9 329    145.880
33 0 330     45.680
33 0 330     57.920
33 0 330     79.820
33 0 330     93.240
33 0 330    125.700
33 0 330    142.240
33 0 330    146.820
33 1 331     15.360
33 1 331     22.260
33 1 331     99.680
33 1 331    108.640
33 1 331    126.680
33 2 332     30.680
33 2 332     51.200
33 2 332     62.700
33 2 332     79.760
33 2 332     91.220
33 2 332    148.820
33 3 333     43.820
33 3 333     62.680
33 3 333     68.200
33 3 333    116.340
33 4 334     13.620
33 4 334     39.880
33 4 334     54.760
33 4 334     85.180
33 4 334     90.220
33 4 334    101.700
33 4 334    104.200
33 4 334    107.180
33 5 335     39.260
33 5 335     97.260
33 5 335    136.180
33 5 335    155.800
33 6 336     34.300
33 6 336     39.360
33 6 336     70.740
33 6 336     93.820
33 6 336    101.360
33 6 336    105.180
33 6 336    140.740
33 7 337     52.260
33 7 337     62.140
33 7 337     76.260
33 7 337    136.680
33 7 337    148.680
33 8 338     16.800
33 8 338     19.780
33 8 338     39.340
33 8 338     60.680
33 8 338    129.840
33 8 338    138.660
33 9 339     17.780
33 9 339     46.760
33 9 339     65.180
33 9 339    139.300
33 9 339    158.340
34 0 340     13.720
34 0 340     31.220
34 0 340     53.720
34 0 340    115.740
34 0 340    139.100
34 0 340    147.140
34 1 341     46.740
34 1 341     52.100
34 1 341     68.780
34 1 341     94.220
34 1 341     99.220
34 1 341    115.100
34 1 341    138.220
34 1 341    140.620
34 2 342     23.040
34 2 342     84.160
34 2 342    132.540
34 3 343     71.620
34 3 343     99.260
34 3 343    106.600
34 3 343    116.640
34 3 343    118.200
34 3 343    128.300
34 3 343    141.240
34 4 344     14.240
34 4 344     67.580
34 4 344     71.640
34 4 344     86.140
34 4 344     94.640
34 4 344     95.620
34 4 344    111.620
34 5 345     35.120
34 5 345     76.720
34 5 345     97.200
34 5 345    117.720
34 5 345    121.100
34 5 345    126.140
34 5 345    128.720
34 5 345    147.560
34 6 346     16.740
34 6 346     31.680
34 6 346     58.720
34 6 346     75.200
34 6 346     96.720
34 6 346    126.800
34 6 346    131.620
34 7 347     15.100
34 7 347     18.740
34 7 347     29.140
34 7 347     36.560
34 7 347     65.200
34 7 347     99.680
34 7 347    129.120
34 8 348     26.680
34 8 348     81.080
34 8 348     98.040
34 8 348    146.180
34 9 349     39.680
34 9 349     81.580
34 9 349    105.600
35 0 350     15.540
35 0 350     42.040
35 0 350     44.720
35 0 350     51.600
35 0 350     59.580
35 0 350     71.100
35 0 350     77.000
35 0 350     85.960
35 0 350     89.560
35 0 350    108.580
35 0 350    148.100
35 1 351     18.000
35 1 351     30.120
35 1 351     34.500
35 1 351     87.660
35 1 351    106.160
35 1 351    144.480
35 2 352     17.520
35 2 352     40.500
35 2 352     56.200
35 2 352     80.160
35 2 352     95.600
35 3 353     16.020
35 3 353     31.980
35 3 353     88.160
35 3 353    107.680
35 3 353    109.640
35 3 353    140.120
35 3 353    157.020
35 4 354     16.980
35 4 354     21.060
35 4 354     38.140
35 4 354     56.200
35 4 354     86.180
35 4 354    119.040
35 4 354    150.540
35 5 355     28.020
35 5 355     59.140
35 5 355     65.020
35 5 355     67.620
35 5 355     88.220
35 5 355    120.180
35 6 356     36.600
35 6 356     70.580
35 6 356     86.260
35 6 356     96.500
35 6 356    137.800
35 6 356    149.020
35 6 356    157.220
35 7 357     34.580
35 7 357     61.540
35 7 357     70.040
35 7 357    127.660
35 7 357    135.020
35 8 358     55.700
35 8 358     58.520
35 8 358     86.220
35 8 358    147.520
35 9 359     34.620
35 9 359     46.540
35 9 359     66.540
35 9 359     85.140
35 9 359    107.580
36 0 360     16.040
36 0 360     25.100
36 0 360     58.520
36 0 360     98.460
36 0 360    106.620
36 0 360    124.980
36 1 361     16.040
36 1 361     25.680
36 1 361     76.240
36 1 361     87.480
36 1 361    134.460
36 1 361    148.000
36 2 362     66.120
36 2 362     69.600
36 2 362     80.980
36 2 362     86.120
36 2 362     95.580
36 2 362    139.560
36 3 363     18.020
36 3 363     49.960
36 3 363     52.000
36 3 363     90.560
36 3 363    114.420
36 3 363    118.020
36 4 364     21.520
36 4 364     56.480
36 4 364    106.980
36 5 365     36.620
36 5 365     89.440
36 6 366     30.080
36 6 366     74.480
36 6 366    117.520
36 6 366    137.620
36 7 367     16.960
36 7 367     31.520
36 7 367     60.040
36 7 367     74.540
36 7 367     95.960
36 7 367    137.060
36 7 367    138.080
36 8 368     18.600
36 8 368     37.520
36 8 368     44.560
36 8 368     60.140
36 8 368     66.600
36 8 368     77.560
36 8 368    104.480
36 8 368    106.520
36 8 368    118.100
36 8 368    136.980
36 8 368    145.480
36 9 369     17.060
36 9 369     78.100
36 9 369     94.580
36 9 369    105.980
36 9 369    107.240
36 9 369    118.020
36 9 369    145.540
36 9 369    160.060
37 1 371     45.900
37 1 371    115.040
37 1 371    120.900
37 2 372     16.100
37 2 372     34.580
37 2 372     49.480
37 2 372    127.420
37 2 372    134.540
37 2 372    137.560
37 3 373     14.060
37 3 373     47.100
37 3 373    126.420
37 4 374     14.880
37 4 374     28.520
37 4 374     34.900
37 4 374     60.040
37 4 374    106.120
37 4 374    156.000
37 5 375     23.920
37 5 375     57.420
37 5 375     74.360
37 6 376     27.580
37 6 376     87.100
37 6 376    108.900
37 7 377     18.940
37 7 377     25.900
37 7 377     87.400
37 7 377    155.880
37 8 378     25.380
37 8 378     65.000
37 8 378     67.420
37 8 378     76.600
37 8 378     90.000
37 8 378    116.080
37 8 378    135.500
37 8 378    138.080
37 9 379     19.880
37 9 379     68.900
38 0 380     38.540
38 0 380     78.340
38 0 380    145.820
38 1 381     19.460
38 1 381     23.420
38 1 381     77.840
38 1 381     85.860
38 2 382     36.300
38 2 382     55.440
38 2 382     74.840
38 2 382     88.300
38 3 383     20.420
38 3 383     26.420
38 3 383     37.440
38 3 383     85.300
38 3 383    104.900
38 3 383    138.360
38 3 383    144.380
38 4 384     86.480
38 4 384     90.000
38 4 384    144.360
38 5 385     74.400
38 5 385    104.940
38 5 385    117.280
38 5 385    138.960
38 5 385    158.300
38 6 386     18.380
38 6 386     28.360
38 6 386    157.460
38 7 387     68.440
38 8 388     75.060
38 8 388    114.800
38 8 388    117.900
38 9 389     28.480
38 9 389     66.820
38 9 389     83.840
38 9 389     97.380
38 9 389    126.060
38 9 389    149.440
39 0 390    154.920
39 1 391     35.920
39 1 391     38.320
39 1 391     55.880
39 1 391     65.400
39 1 391     67.840
39 1 391    136.820
39 1 391    156.300
39 2 392     85.360
39 2 392     96.340
39 2 392    109.320
39 2 392    124.380
39 2 392    146.780
39 3 393     79.920
39 3 393    109.760
39 4 394     70.340
39 4 394     93.840
39 4 394     98.820
39 5 395     55.320
39 5 395     67.960
39 5 395     90.220
39 5 395    115.900
39 6 396     74.400
39 6 396     76.380
39 6 396     86.280
39 6 396    146.380
39 7 397     18.780
39 7 397     36.940
39 7 397     85.320
39 7 397     97.940
39 8 398    116.320
39 8 398    137.820
39 9 399     35.940
39 9 399     47.460
39 9 399     49.280
39 9 399    124.360
39 9 399    155.400
40 0 400     67.920
40 1 401     14.820
40 1 401     74.940
40 1 401     98.780
40 1 401    135.300
40 2 402     25.860
40 2 402    115.280
40 2 402    135.720
40 3 403    105.160
40 3 403    154.940
40 4 404     79.240
40 4 404     94.920
40 5 405     87.740
40 6 406     46.340
40 7 407     14.280
40 8 408     45.420
40 9 409    146.760
41 0 410     17.820
41 1 411     86.640
41 2 412     49.280
41 2 412     86.260
41 3 413     23.840
41 3 413    124.160
41 4 414     47.240
41 5 415     49.300
41 5 415     96.740
41 5 415    137.660
41 6 416     48.700
41 7 417     75.340
41 7 417    125.180
41 8 418    138.280
41 8 418    157.420
41 9 419     25.840
42 0 420    106.360
42 0 420    109.700
42 2 422     14.200
42 2 422     47.660
42 2 422     58.360
42 2 422    136.200
42 3 423     47.180
42 4 424     56.300
42 6 426     27.740
42 6 426     55.300
42 6 426    134.740
42 6 426    144.740
42 7 427     14.620
42 7 427     44.680
42 8 428     26.560
42 8 428     77.880
42 9 429     47.160
42 9 429    148.800
43 1 431     88.100
43 5 435     26.660
43 5 435     49.260
43 5 435     89.180
43 6 436     55.700
43 6 436    127.280
43 7 437     27.160
43 7 437     99.640
43 9 439     75.160
44 5 445     85.680
44 6 446    147.500
44 8 448    117.120
45 0 450     15.640
45 0 450     25.080
45 0 450    158.660
45 5 455     55.560
45 9 459    124.080
46 0 460     66.200
46 1 461     65.600
46 2 462    154.640
46 3 463     68.120
46 5 465     13.940
46 8 468     78.080
46 8 468    105.620
47 2 472    137.180
47 5 475     25.140
47 5 475     37.040
47 6 476     98.040
49 0 490    147.920
49 1 491     26.300
49 4 494     98.500
50 4 504     46.860
51 2 512     16.860
51 6 516    106.840
51 7 517     46.880
55 3 553     77.360
55 5 555     63.860
57 1 571     96.380
61 5 615    108.240
72 3 723     98.720
84 6 846     44.980
86 4 864     60.540
88 4 884      6.000
88 7 887     97.580
88 7 887    138.700
